0.842105263157894	0.191699604743083	0.572192513368984	0.257731958762886	0.619565217391304	0.627586206896551	0.573839662447257	0.283018867924528	0.593059936908517	0.372013651877133	0.455284552845528	0.970695970695970	0.561340941512125	1.000000000000000	0.000000000000000	0.000000000000000
0.571052631578947	0.205533596837944	0.417112299465240	0.030927835051546	0.326086956521739	0.575862068965517	0.510548523206751	0.245283018867924	0.274447949526813	0.264505119453924	0.463414634146341	0.780219780219780	0.550641940085592	1.000000000000000	0.000000000000000	0.000000000000000
0.560526315789473	0.320158102766798	0.700534759358288	0.412371134020618	0.336956521739130	0.627586206896551	0.611814345991561	0.320754716981132	0.757097791798107	0.375426621160409	0.447154471544715	0.695970695970695	0.646932952924393	1.000000000000000	0.000000000000000	0.000000000000000
0.878947368421052	0.239130434782608	0.609625668449197	0.319587628865979	0.467391304347826	0.989655172413793	0.664556962025316	0.207547169811320	0.558359621451104	0.556313993174061	0.308943089430894	0.798534798534798	0.857346647646219	1.000000000000000	0.000000000000000	0.000000000000000
0.581578947368421	0.365612648221343	0.807486631016042	0.536082474226804	0.521739130434782	0.627586206896551	0.495780590717299	0.490566037735849	0.444794952681388	0.259385665529010	0.455284552845528	0.608058608058608	0.325962910128388	1.000000000000000	0.000000000000000	0.000000000000000
0.834210526315789	0.201581027667984	0.582887700534759	0.237113402061855	0.456521739130434	0.789655172413793	0.643459915611814	0.396226415094339	0.492113564668769	0.466723549488054	0.463414634146341	0.578754578754578	0.835948644793152	1.000000000000000	0.000000000000000	0.000000000000000
0.797368421052631	0.278656126482213	0.668449197860962	0.360824742268041	0.554347826086956	0.558620689655172	0.457805907172995	0.339622641509433	0.264984227129337	0.321672354948805	0.471544715447154	0.846153846153846	0.725392296718972	1.000000000000000	0.000000000000000	0.000000000000000
0.999999999999999	0.177865612648221	0.433155080213903	0.175257731958762	0.293478260869565	0.627586206896551	0.556962025316455	0.301886792452830	0.495268138801261	0.334470989761092	0.487804878048780	0.578754578754578	0.547075606276747	1.000000000000000	0.000000000000000	0.000000000000000
0.744736842105263	0.120553359683794	0.486631016042780	0.278350515463917	0.304347826086956	0.689655172413793	0.592827004219409	0.169811320754716	0.454258675078864	0.506825938566552	0.430894308943089	0.835164835164835	0.547075606276747	1.000000000000000	0.000000000000000	0.000000000000000
0.807894736842105	0.280632411067193	0.502673796791443	0.381443298969072	0.380434782608695	0.679310344827586	0.628691983122362	0.169811320754716	0.621451104100946	0.381399317406143	0.626016260162601	0.695970695970695	0.878744650499286	1.000000000000000	0.000000000000000	0.000000000000000
0.813157894736841	0.146245059288537	0.513368983957219	0.319587628865979	0.271739130434782	0.420689655172413	0.440928270042194	0.245283018867924	0.365930599369085	0.317406143344709	0.560975609756097	0.567765567765567	0.714693295292439	1.000000000000000	0.000000000000000	0.000000000000000
0.715789473684210	0.195652173913043	0.561497326203208	0.278350515463917	0.206521739130434	0.558620689655172	0.510548523206751	0.301886792452830	0.441640378548895	0.368600682593856	0.544715447154471	0.597069597069597	0.743223965763195	1.000000000000000	0.000000000000000	0.000000000000000
0.978947368421052	0.195652173913043	0.550802139037433	0.041237113402062	0.228260869565217	0.731034482758620	0.706751054852320	0.566037735849056	0.757097791798107	0.351535836177474	0.626016260162601	0.534798534798534	0.621968616262482	1.000000000000000	0.000000000000000	0.000000000000000
0.881578947368421	0.223320158102766	0.545454545454545	0.072164948453608	0.347826086956521	0.800000000000000	0.696202531645569	0.301886792452830	0.804416403785488	0.530716723549488	0.585365853658536	0.633699633699633	0.905135520684736	1.000000000000000	0.000000000000000	0.000000000000000
0.684210526315789	0.211462450592885	0.716577540106952	0.340206185567010	0.456521739130434	0.644827586206896	0.542194092827004	0.320754716981132	0.331230283911671	0.513651877133105	0.650406504065040	0.589743589743589	0.736091298145506	1.000000000000000	0.000000000000000	0.000000000000000
0.860526315789473	0.233201581027668	0.727272727272727	0.484536082474226	0.543478260869565	0.627586206896551	0.590717299578059	0.377358490566037	0.492113564668769	0.419795221843003	0.479674796747967	0.505494505494505	0.714693295292439	1.000000000000000	0.000000000000000	0.000000000000000
0.736842105263157	0.164031620553359	0.673796791443850	0.484536082474226	0.489130434782608	0.679310344827586	0.645569620253164	0.509433962264150	0.413249211356466	0.453924914675767	0.528455284552845	0.476190476190476	0.607703281027104	1.000000000000000	0.000000000000000	0.000000000000000
0.831578947368420	0.167984189723320	0.598930481283422	0.304123711340206	0.413043478260869	0.800000000000000	0.757383966244725	0.358490566037735	0.457413249211356	0.633105802047781	0.609756097560975	0.567765567765567	1.000000000000000	1.000000000000000	0.000000000000000	0.000000000000000
0.686842105263158	0.466403162055336	0.641711229946524	0.237113402061855	0.500000000000000	0.593103448275862	0.567510548523206	0.075471698113208	0.394321766561514	0.325938566552900	0.390243902439024	0.765567765567765	0.404422253922967	1.000000000000000	0.000000000000000	0.000000000000000
0.797368421052631	0.175889328063241	0.491978609625668	0.278350515463917	0.608695652173913	0.696551724137931	0.597046413502109	0.207547169811320	0.533123028391167	0.372866894197952	0.495934959349593	0.893772893772893	0.358059914407988	1.000000000000000	0.000000000000000	0.000000000000000
0.705263157894737	0.221343873517786	0.534759358288770	0.309278350515464	0.336956521739130	0.562068965517241	0.535864978902953	0.264150943396226	0.403785488958990	0.215017064846416	0.512195121951219	0.999999999999999	0.539942938659058	1.000000000000000	0.000000000000000	0.000000000000000
0.478947368421052	0.169960474308300	0.620320855614973	0.371134020618556	0.271739130434782	0.517241379310344	0.428270042194092	0.245283018867924	0.331230283911671	0.226109215017064	0.495934959349593	0.864468864468864	0.525677603423680	1.000000000000000	0.000000000000000	0.000000000000000
0.650000000000000	0.211462450592885	0.668449197860962	0.484536082474226	0.282608695652173	0.534482758620689	0.478902953586497	0.283018867924528	0.394321766561514	0.191126279863481	0.520325203252032	0.934065934065934	0.404422253922967	1.000000000000000	0.000000000000000	0.000000000000000
0.621052631578947	0.203557312252964	0.673796791443850	0.283505154639175	0.250000000000000	0.644827586206896	0.548523206751054	0.396226415094339	0.328075709779179	0.300341296928327	0.357723577235772	0.714285714285714	0.654065620542082	1.000000000000000	0.000000000000000	0.000000000000000
0.597368421052631	0.193675889328063	0.417112299465240	0.329896907216494	0.260869565217391	0.489655172413793	0.390295358649789	0.264150943396226	0.296529968454258	0.227815699658703	0.439024390243902	0.549450549450549	0.718259629101283	1.000000000000000	0.000000000000000	0.000000000000000
0.747368421052631	0.229249011857707	0.770053475935828	0.453608247422680	0.402173913043478	0.679310344827586	0.554852320675105	0.452830188679245	0.425867507886435	0.274744027303754	0.626016260162601	0.780219780219780	0.454350927246790	1.000000000000000	0.000000000000000	0.000000000000000
0.786842105263157	0.185770750988142	0.454545454545454	0.278350515463917	0.282608695652173	0.575862068965517	0.419831223628692	0.245283018867924	0.495268138801261	0.291808873720136	0.455284552845528	0.849816849816849	0.539942938659058	1.000000000000000	0.000000000000000	0.000000000000000
0.710526315789473	0.150197628458498	0.716577540106952	0.613402061855670	0.336956521739130	0.696551724137931	0.613924050632911	0.301886792452830	0.621451104100946	0.377133105802047	0.577235772357723	0.527472527472527	0.718259629101283	1.000000000000000	0.000000000000000	0.000000000000000
0.671052631578947	0.181818181818181	0.534759358288770	0.438144329896907	0.391304347826086	0.648275862068965	0.601265822784810	0.169811320754716	0.485804416403785	0.479522184300341	0.495934959349593	0.589743589743589	0.882310984308131	1.000000000000000	0.000000000000000	0.000000000000000
0.697368421052631	0.215415019762845	0.534759358288770	0.340206185567010	0.369565217391304	0.496551724137931	0.495780590717299	0.547169811320754	0.492113564668769	0.218430034129692	0.609756097560975	0.586080586080586	0.507845934379457	1.000000000000000	0.000000000000000	0.000000000000000
0.718421052631578	0.156126482213438	0.716577540106952	0.458762886597938	0.673913043478260	0.679310344827586	0.506329113924050	0.698113207547169	0.296529968454258	0.351535836177474	0.626016260162601	0.633699633699633	0.682596291012838	1.000000000000000	0.000000000000000	0.000000000000000
0.652631578947368	0.209486166007905	0.689839572192513	0.432989690721649	0.434782608695652	0.472413793103448	0.462025316455696	0.301886792452830	0.356466876971608	0.249146757679180	0.504065040650406	0.586080586080586	0.582738944365192	1.000000000000000	0.000000000000000	0.000000000000000
0.644736842105263	0.211462450592885	0.561497326203208	0.510309278350515	0.326086956521739	0.593103448275862	0.556962025316455	0.245283018867924	0.457413249211356	0.325938566552900	0.455284552845528	0.805860805860805	0.457917261055634	1.000000000000000	0.000000000000000	0.000000000000000
0.592105263157894	0.177865612648221	0.791443850267379	0.252577319587628	0.434782608695652	0.558620689655172	0.493670886075949	0.396226415094339	0.299684542586750	0.283276450511945	0.495934959349593	0.553113553113553	0.429386590584878	1.000000000000000	0.000000000000000	0.000000000000000
0.536842105263158	0.150197628458498	0.395721925133689	0.252577319587628	0.304347826086956	0.489655172413793	0.485232067510548	0.283018867924528	0.302839116719243	0.206484641638225	0.569105691056910	0.520146520146520	0.529243937232524	1.000000000000000	0.000000000000000	0.000000000000000
0.839473684210526	0.642292490118577	0.614973262032085	0.134020618556701	0.630434782608695	0.696551724137931	0.569620253164556	0.132075471698113	0.526813880126183	0.325938566552900	0.333333333333333	0.827838827838827	0.343794579172610	1.000000000000000	0.000000000000000	0.000000000000000
0.665789473684210	0.191699604743083	0.508021390374331	0.288659793814433	0.510869565217391	0.748275862068965	0.622362869198312	0.396226415094339	0.608832807570977	0.413822525597269	0.382113821138211	0.772893772893772	0.368758915834522	1.000000000000000	0.000000000000000	0.000000000000000
0.750000000000000	0.227272727272727	0.657754010695187	0.226804123711340	0.336956521739130	0.782758620689655	0.679324894514767	0.075471698113208	0.406940063091482	0.354095563139931	0.325203252032520	0.838827838827838	0.582738944365192	1.000000000000000	0.000000000000000	0.000000000000000
0.531578947368421	0.203557312252964	0.395721925133689	0.329896907216494	0.402173913043478	0.696551724137931	0.561181434599156	0.283018867924528	0.511041009463722	0.320819112627986	0.325203252032520	0.761904761904761	0.432952924393723	1.000000000000000	0.000000000000000	0.000000000000000
0.836842105263158	0.652173913043478	0.577540106951871	0.427835051546391	0.445652173913043	0.644827586206896	0.487341772151898	0.320754716981132	0.264984227129337	0.337883959044368	0.317073170731707	0.754578754578754	0.572039942938659	1.000000000000000	0.000000000000000	0.000000000000000
0.881578947368421	0.563241106719367	0.491978609625668	0.278350515463917	0.347826086956521	0.782758620689655	0.597046413502109	0.264150943396226	0.561514195583596	0.308873720136518	0.455284552845528	0.794871794871794	0.561340941512125	1.000000000000000	0.000000000000000	0.000000000000000
0.755263157894736	0.185770750988142	0.406417112299465	0.278350515463917	0.336956521739130	0.731034482758620	0.643459915611814	0.150943396226415	0.545741324921135	0.411262798634812	0.349593495934959	0.754578754578754	0.504279600570613	1.000000000000000	0.000000000000000	0.000000000000000
0.807894736842105	0.252964426877470	0.556149732620320	0.422680412371134	0.358695652173913	0.610344827586206	0.544303797468354	0.358490566037735	0.621451104100946	0.419795221843003	0.479674796747967	0.542124542124542	0.557774607703281	1.000000000000000	0.000000000000000	0.000000000000000
0.765789473684210	0.195652173913043	0.486631016042780	0.350515463917525	0.413043478260869	0.655172413793103	0.675105485232067	0.358490566037735	0.526813880126183	0.650170648464163	0.520325203252032	0.670329670329670	0.700427960057061	1.000000000000000	0.000000000000000	0.000000000000000
0.531578947368421	0.195652173913043	0.363636363636363	0.092783505154639	0.239130434782608	0.600000000000000	0.618143459915611	0.075471698113208	0.788643533123028	0.505119453924914	0.520325203252032	0.600732600732600	0.621968616262482	1.000000000000000	0.000000000000000	0.000000000000000
0.736842105263157	0.179841897233201	0.663101604278074	0.340206185567010	0.260869565217391	0.506896551724138	0.559071729957806	0.169811320754716	0.593059936908517	0.368600682593856	0.617886178861788	0.769230769230769	0.703994293865905	1.000000000000000	0.000000000000000	0.000000000000000
0.734210526315789	0.199604743083004	0.566844919786096	0.175257731958762	0.445652173913043	1.000000000000000	0.717299578059071	0.358490566037735	0.460567823343848	0.492320819112627	0.430894308943089	0.728937728937728	0.650499286733238	1.000000000000000	0.000000000000000	0.000000000000000
0.721052631578947	0.229249011857707	0.705882352941176	0.335051546391752	0.489130434782608	0.696551724137931	0.516877637130801	0.490566037735849	0.400630914826498	0.428327645051194	0.528455284552845	0.608058608058608	0.782453637660485	1.000000000000000	0.000000000000000	0.000000000000000
0.713157894736842	0.183794466403162	0.475935828877005	0.298969072164948	0.521739130434782	0.558620689655172	0.540084388185654	0.150943396226415	0.381703470031545	0.389931740614334	0.357723577235772	0.706959706959707	0.557774607703281	1.000000000000000	0.000000000000000	0.000000000000000
0.665789473684210	0.195652173913043	0.588235294117647	0.510309278350515	0.500000000000000	0.682758620689655	0.514767932489451	0.132075471698113	0.643533123028391	0.424061433447098	0.406504065040650	0.644688644688644	0.600570613409415	1.000000000000000	0.000000000000000	0.000000000000000
0.839473684210526	0.189723320158102	0.502673796791443	0.293814432989690	0.521739130434782	0.765517241379310	0.561181434599156	0.245283018867924	0.511041009463722	0.435153583617747	0.373983739837398	0.747252747252747	0.493580599144079	1.000000000000000	0.000000000000000	0.000000000000000
0.594736842105262	0.243083003952569	0.705882352941176	0.319587628865979	0.347826086956521	0.696551724137931	0.609704641350211	0.339622641509433	0.394321766561514	0.402730375426621	0.479674796747967	0.575091575091575	0.707560627674750	1.000000000000000	0.000000000000000	0.000000000000000
0.707894736842105	0.136363636363636	0.609625668449197	0.314432989690721	0.413043478260869	0.834482758620689	0.702531645569620	0.113207547169811	0.514195583596214	0.470989761092150	0.333333333333333	0.586080586080586	0.718259629101283	1.000000000000000	0.000000000000000	0.000000000000000
0.352631578947368	0.039525691699605	0.000000000000000	0.000000000000000	0.195652173913043	0.344827586206896	0.048523206751055	0.283018867924528	0.003154574132492	0.057167235494881	0.463414634146341	0.201465201465201	0.172610556348074	0.000000000000000	1.000000000000000	0.000000000000000
0.342105263157894	0.071146245059289	0.491978609625668	0.278350515463917	0.336956521739130	0.368965517241379	0.158227848101265	0.943396226415094	0.000000000000000	0.169795221843003	0.626016260162601	0.146520146520146	0.286733238231098	0.000000000000000	1.000000000000000	0.000000000000000
0.694736842105263	0.100790513833992	0.299465240641711	0.381443298969072	0.260869565217391	0.386206896551724	0.305907172995780	0.358490566037735	0.100946372239747	0.215017064846416	0.609756097560975	0.435897435897435	0.251069900142653	0.000000000000000	1.000000000000000	0.000000000000000
0.352631578947368	0.077075098814229	0.427807486631016	0.432989690721649	0.184782608695652	0.868965517241379	0.582278481012658	0.113207547169811	0.460567823343848	0.270477815699658	0.601626016260162	0.586080586080586	0.101283880171184	0.000000000000000	1.000000000000000	0.000000000000000
0.300000000000000	0.140316205533596	0.625668449197860	0.432989690721649	0.369565217391304	0.313793103448275	0.297468354430379	0.603773584905660	0.195583596214511	0.142491467576791	0.788617886178861	0.351648351648351	0.054921540656205	0.000000000000000	1.000000000000000	0.000000000000000
0.352631578947368	0.092885375494071	0.641711229946524	0.386597938144330	0.304347826086956	0.496551724137931	0.487341772151898	0.452830188679245	0.526813880126183	0.283276450511945	0.577235772357723	0.377289377289377	0.285306704707560	0.000000000000000	1.000000000000000	0.000000000000000
0.547368421052631	0.053359683794466	0.181818181818181	0.226804123711340	0.086956521739130	0.689655172413793	0.599156118143459	0.245283018867924	0.589905362776025	0.343003412969283	0.520325203252032	0.699633699633699	0.159771754636233	0.000000000000000	1.000000000000000	0.000000000000000
0.352631578947368	0.084980237154150	0.299465240641711	0.463917525773196	0.086956521739130	0.389655172413793	0.350210970464135	0.264150943396226	0.198738170347003	0.290102389078498	0.520325203252032	0.809523809523809	0.165477888730385	0.000000000000000	1.000000000000000	0.000000000000000
0.607894736842105	0.039525691699605	0.534759358288770	0.329896907216494	0.434782608695652	0.534482758620689	0.202531645569620	0.792452830188679	0.003154574132492	0.161262798634812	0.439024390243902	0.241758241758241	0.336661911554921	0.000000000000000	1.000000000000000	0.000000000000000
0.310526315789474	0.088932806324111	0.208556149732620	0.319587628865979	0.880434782608695	0.300000000000000	0.198312236286919	0.018867924528302	0.659305993690851	0.133959044368600	0.650406504065040	0.659340659340659	0.313837375178316	0.000000000000000	1.000000000000000	0.000000000000000
0.331578947368420	0.171936758893280	0.454545454545454	0.505154639175257	0.358695652173913	0.041379310344828	0.143459915611814	0.452830188679245	0.331230283911671	0.151023890784982	0.346341463414634	0.201465201465201	0.422253922967189	0.000000000000000	1.000000000000000	0.000000000000000
0.647368421052631	0.181818181818181	0.470588235294117	0.690721649484536	0.184782608695652	0.310344827586206	0.316455696202531	0.264150943396226	0.195583596214511	0.209897610921501	0.406504065040650	0.553113553113553	0.138373751783166	0.000000000000000	1.000000000000000	0.000000000000000
0.244736842105263	0.069169960474308	0.502673796791443	0.536082474226804	0.336956521739130	0.827586206896551	0.379746835443037	0.000000000000000	0.391167192429022	0.164675767918088	0.414634146341463	0.681318681318681	0.433666191155492	0.000000000000000	1.000000000000000	0.000000000000000
0.165789473684210	0.225296442687747	0.299465240641711	0.278350515463917	0.293478260869565	0.217241379310344	0.259493670886075	0.396226415094339	0.233438485804416	0.215017064846416	0.609756097560975	0.318681318681318	0.106990014265335	0.000000000000000	1.000000000000000	0.000000000000000
0.526315789473684	0.031620553359684	0.187165775401069	0.278350515463917	0.173913043478260	0.334482758620689	0.356540084388185	0.207547169811320	0.331230283911671	0.283276450511945	0.577235772357723	0.443223443223443	0.081312410841655	0.000000000000000	1.000000000000000	0.000000000000000
0.213157894736842	0.424901185770751	0.465240641711229	0.381443298969072	0.456521739130434	0.255172413793103	0.206751054852320	0.566037735849056	0.170347003154574	0.116894197952218	0.390243902439024	0.457875457875457	0.158345221112696	0.000000000000000	1.000000000000000	0.000000000000000
0.342105263157894	0.049407114624506	0.315508021390374	0.216494845360824	0.717391304347826	0.317241379310344	0.318565400843881	0.415094339622641	0.741324921135646	0.180887372013651	0.471544715447154	0.380952380952380	0.336661911554921	0.000000000000000	1.000000000000000	0.000000000000000
0.439473684210526	0.618577075098814	0.556149732620320	0.639175257731958	0.336956521739130	0.637931034482758	0.466244725738396	0.566037735849056	0.485804416403785	0.110068259385665	0.577235772357723	0.681318681318681	0.131954350927246	0.000000000000000	1.000000000000000	0.000000000000000
0.255263157894737	0.035573122529644	0.342245989304812	0.432989690721649	0.173913043478260	0.496551724137931	0.405063291139240	0.320754716981132	0.321766561514195	0.104095563139931	0.731707317073170	0.677655677655677	0.000000000000000	0.000000000000000	1.000000000000000	0.000000000000000
0.444736842105263	0.211462450592885	0.449197860962566	0.422680412371134	0.173913043478260	0.420689655172413	0.462025316455696	0.245283018867924	0.429022082018927	0.223549488054607	0.552845528455284	0.684981684981685	0.310984308131241	0.000000000000000	1.000000000000000	0.000000000000000
0.276315789473684	0.077075098814229	0.614973262032085	0.690721649484536	0.086956521739130	0.351724137931034	0.261603375527426	0.509433962264150	0.312302839116719	0.078498293515358	0.674796747967479	0.531135531135531	0.251069900142653	0.000000000000000	1.000000000000000	0.000000000000000
0.213157894736842	0.029644268774704	0.652406417112299	0.381443298969072	0.260869565217391	0.420689655172413	0.394514767932489	0.169811320754716	0.611987381703470	0.151023890784982	0.252032520325203	0.663003663003663	0.172610556348074	0.000000000000000	1.000000000000000	0.000000000000000
0.431578947368421	0.047430830039526	0.470588235294117	0.381443298969072	0.315217391304347	0.420689655172413	0.337552742616033	0.320754716981132	0.331230283911671	0.114334470989761	0.609756097560975	0.692307692307692	0.122681883024251	0.000000000000000	1.000000000000000	0.000000000000000
0.297368421052631	0.171936758893280	0.508021390374331	0.628865979381443	0.217391304347826	0.275862068965517	0.284810126582278	0.566037735849056	0.362776025236593	0.099829351535836	0.691056910569105	0.362637362637362	0.154778887303851	0.000000000000000	1.000000000000000	0.000000000000000
0.163157894736842	0.183794466403162	0.673796791443850	0.793814432989690	0.195652173913043	0.324137931034482	0.267932489451476	0.509433962264150	0.293375394321766	0.112627986348122	0.715447154471544	0.710622710622710	0.202567760342368	0.000000000000000	1.000000000000000	0.000000000000000
0.160526315789474	0.260869565217391	0.588235294117647	0.567010309278350	0.152173913043478	0.334482758620689	0.284810126582278	0.660377358490565	0.296529968454258	0.129692832764505	0.422764227642276	0.542124542124542	0.286733238231098	0.000000000000000	1.000000000000000	0.000000000000000
0.276315789473684	0.116600790513834	0.502673796791443	0.670103092783505	0.000000000000000	0.420689655172413	0.263713080168776	0.547169811320754	0.305993690851735	0.039249146757679	0.479674796747967	0.710622710622710	0.247503566333808	0.000000000000000	1.000000000000000	0.000000000000000
0.276315789473684	0.215415019762845	0.513368983957219	0.407216494845360	0.119565217391304	0.213793103448275	0.244725738396624	0.735849056603773	0.388012618296529	0.095563139931741	0.487804878048780	0.366300366300366	0.144079885877318	0.000000000000000	1.000000000000000	0.000000000000000
0.255263157894737	0.152173913043478	0.566844919786096	0.587628865979381	0.173913043478260	0.162068965517241	0.191983122362869	0.698113207547169	0.384858044164037	0.197952218430034	0.463414634146341	0.505494505494505	0.122681883024251	0.000000000000000	1.000000000000000	0.000000000000000
0.436842105263157	0.156126482213438	0.481283422459892	0.520618556701031	0.108695652173913	0.137931034482758	0.236286919831223	0.849056603773584	0.381703470031545	0.151023890784982	0.390243902439024	0.289377289377289	0.154778887303851	0.000000000000000	1.000000000000000	0.000000000000000
0.331578947368420	0.413043478260869	0.459893048128342	0.381443298969072	0.195652173913043	0.506896551724138	0.402953586497890	0.226415094339622	0.498422712933754	0.074232081911263	0.544715447154471	0.743589743589743	0.008559201141227	0.000000000000000	1.000000000000000	0.000000000000000
0.155263157894736	0.247035573122529	0.491978609625668	0.381443298969072	0.304347826086956	0.703448275862069	0.405063291139240	0.075471698113208	0.296529968454258	0.168088737201365	0.552845528455284	0.619047619047619	0.047788873038516	0.000000000000000	1.000000000000000	0.000000000000000
0.205263157894737	0.272727272727272	0.737967914438502	0.561855670103092	0.695652173913043	0.213793103448275	0.137130801687763	0.018867924528302	0.362776025236593	0.104095563139931	0.382113821138211	0.362637362637362	0.247503566333808	0.000000000000000	1.000000000000000	0.000000000000000
0.331578947368420	0.132411067193675	0.331550802139037	0.278350515463917	0.163043478260869	0.541379310344827	0.455696202531645	0.301886792452830	0.429022082018927	0.138225255972696	0.609756097560975	0.538461538461538	0.106990014265335	0.000000000000000	1.000000000000000	0.000000000000000
0.352631578947368	0.065217391304348	0.395721925133689	0.407216494845360	0.195652173913043	0.875862068965517	0.719409282700421	0.207547169811320	0.485804416403785	0.274744027303754	0.455284552845528	0.549450549450549	0.272467902995720	0.000000000000000	1.000000000000000	0.000000000000000
0.331578947368420	0.480237154150197	0.454545454545454	0.381443298969072	0.195652173913043	0.644827586206896	0.559071729957806	0.603773584905660	0.757097791798107	0.087030716723549	0.764227642276422	0.571428571428571	0.091298145506419	0.000000000000000	1.000000000000000	0.000000000000000
0.276315789473684	0.264822134387351	0.181818181818181	0.355670103092783	0.293478260869565	0.431034482758620	0.386075949367088	0.245283018867924	0.312302839116719	0.172354948805460	0.642276422764227	0.619047619047619	0.308131241084165	0.000000000000000	1.000000000000000	0.000000000000000
0.413157894736842	0.118577075098814	0.288770053475935	0.407216494845360	0.195652173913043	0.162068965517241	0.215189873417721	0.301886792452830	0.296529968454258	0.099829351535836	0.455284552845528	0.549450549450549	0.202567760342368	0.000000000000000	1.000000000000000	0.000000000000000
0.344736842105263	0.337944664031620	0.588235294117647	0.536082474226804	0.304347826086956	0.544827586206896	0.373417721518987	0.396226415094339	0.283911671924290	0.129692832764505	0.260162601626016	0.772893772893772	0.114122681883024	0.000000000000000	1.000000000000000	0.000000000000000
0.207894736842105	0.193675889328063	0.278074866310160	0.458762886597938	0.173913043478260	0.524137931034482	0.274261603375527	0.452830188679245	0.318611987381703	0.066552901023891	0.373983739837398	0.428571428571428	0.097717546362340	0.000000000000000	1.000000000000000	0.000000000000000
0.389473684210526	0.195652173913043	0.331550802139037	0.510309278350515	0.163043478260869	0.420689655172413	0.333333333333333	0.358490566037735	0.337539432176656	0.141638225255972	0.455284552845528	0.842490842490842	0.281027104136947	0.000000000000000	1.000000000000000	0.000000000000000
0.365789473684210	0.357707509881422	0.486631016042780	0.587628865979381	0.217391304347826	0.241379310344827	0.316455696202531	1.000000000000000	0.318611987381703	0.121160409556314	0.308943089430894	0.743589743589743	0.026390870185449	0.000000000000000	1.000000000000000	0.000000000000000
0.321052631578947	0.195652173913043	0.406417112299465	0.432989690721649	0.108695652173913	0.231034482758620	0.356540084388185	0.452830188679245	0.384858044164037	0.180887372013651	0.422764227642276	0.695970695970695	0.165477888730385	0.000000000000000	1.000000000000000	0.000000000000000
0.444736842105263	0.199604743083004	0.491978609625668	0.613402061855670	0.152173913043478	0.137931034482758	0.299578059071729	0.660377358490565	0.384858044164037	0.172354948805460	0.325203252032520	0.421245421245421	0.149786019971469	0.000000000000000	1.000000000000000	0.000000000000000
0.313157894736842	0.108695652173913	0.310160427807486	0.432989690721649	0.239130434782608	0.475862068965517	0.358649789029535	0.490566037735849	0.526813880126183	0.121160409556314	0.308943089430894	0.641025641025641	0.024251069900143	0.000000000000000	1.000000000000000	0.000000000000000
0.152631578947368	0.120553359683794	0.716577540106952	0.484536082474226	0.260869565217391	0.606896551724138	0.544303797468354	0.301886792452830	0.656151419558359	0.116894197952218	0.390243902439024	0.728937728937728	0.286733238231098	0.000000000000000	1.000000000000000	0.000000000000000
0.113157894736842	0.592885375494071	0.245989304812834	0.458762886597938	0.402173913043478	0.758620689655172	0.472573839662447	0.207547169811320	0.999999999999999	0.138225255972696	0.219512195121951	0.564102564102564	0.202567760342368	0.000000000000000	1.000000000000000	0.000000000000000
0.392105263157894	0.333992094861660	0.433155080213903	0.536082474226804	0.195652173913043	0.541379310344827	0.407172995780590	0.245283018867924	0.255520504731861	0.061433447098976	0.341463414634146	0.553113553113553	0.033523537803138	0.000000000000000	1.000000000000000	0.000000000000000
0.192105263157894	0.383399209486166	0.834224598930481	0.484536082474226	0.358695652173913	0.265517241379310	0.356540084388185	0.886792452830188	0.201892744479495	0.215017064846416	0.609756097560975	0.450549450549450	0.234664764621968	0.000000000000000	1.000000000000000	0.000000000000000
0.100000000000000	0.000000000000000	0.609625668449197	0.536082474226804	0.195652173913043	0.517241379310344	0.352320675105485	0.547169811320754	0.324921135646687	0.153583617747440	0.504065040650406	0.380952380952380	0.111269614835948	0.000000000000000	1.000000000000000	0.000000000000000
0.276315789473684	0.128458498023715	0.609625668449197	0.613402061855670	0.152173913043478	0.544827586206896	0.411392405063291	0.566037735849056	0.198738170347003	0.138225255972696	0.365853658536585	0.703296703296703	0.076319543509272	0.000000000000000	1.000000000000000	0.000000000000000
0.000000000000000	0.152173913043478	0.449197860962566	0.561855670103092	0.163043478260869	0.510344827586206	0.386075949367088	0.735849056603773	0.504731861198738	0.052901023890785	1.000000000000000	0.586080586080586	0.092011412268188	0.000000000000000	1.000000000000000	0.000000000000000
0.207894736842105	0.144268774703557	0.336898395721925	0.525773195876288	0.173913043478260	0.344827586206896	0.265822784810126	0.320754716981132	0.353312302839116	0.057167235494881	0.382113821138211	0.754578754578754	0.154778887303851	0.000000000000000	1.000000000000000	0.000000000000000
0.365789473684210	0.171936758893280	0.443850267379679	0.613402061855670	0.413043478260869	0.351724137931034	0.369198312236286	0.396226415094339	0.378548895899053	0.066552901023891	0.471544715447154	0.619047619047619	0.047788873038516	0.000000000000000	1.000000000000000	0.000000000000000
0.255263157894737	0.531620553359683	0.342245989304812	0.432989690721649	0.184782608695652	0.351724137931034	0.274261603375527	0.452830188679245	0.460567823343848	0.000000000000000	0.365853658536585	0.652014652014651	0.203994293865905	0.000000000000000	1.000000000000000	0.000000000000000
0.110526315789473	0.328063241106719	0.566844919786096	0.484536082474226	0.282608695652173	0.662068965517241	0.516877637130801	0.358490566037735	0.447949526813880	0.168088737201365	0.260162601626016	0.776556776556776	0.247503566333808	0.000000000000000	1.000000000000000	0.000000000000000
0.139473684210526	0.258893280632411	1.000000000000000	0.922680412371134	0.532608695652174	0.758620689655172	0.999999999999999	0.641509433962264	0.460567823343848	0.402730375426621	0.365853658536585	0.886446886446886	0.133380884450784	0.000000000000000	1.000000000000000	0.000000000000000
0.365789473684210	0.729249011857707	0.732620320855614	0.819587628865979	0.347826086956521	0.420689655172413	0.377637130801687	0.566037735849056	0.410094637223974	0.068259385665529	0.357723577235772	0.677655677655677	0.062054208273894	0.000000000000000	1.000000000000000	0.000000000000000
0.531578947368421	1.000000000000000	0.411764705882352	0.561855670103092	0.173913043478260	0.565517241379310	0.487341772151898	0.320754716981132	0.504731861198738	0.112627986348122	0.203252032520325	0.670329670329670	0.072753209700428	0.000000000000000	1.000000000000000	0.000000000000000
0.221052631578947	0.705533596837944	0.550802139037433	0.536082474226804	0.130434782608695	0.648275862068965	0.567510548523206	0.150943396226415	0.788643533123028	0.129692832764505	0.219512195121951	0.868131868131868	0.072753209700428	0.000000000000000	1.000000000000000	0.000000000000000
0.273684210526316	0.280632411067193	0.433155080213903	0.536082474226804	0.163043478260869	0.558620689655172	0.487341772151898	0.452830188679245	0.296529968454258	0.126279863481228	0.308943089430894	0.736263736263736	0.071326676176890	0.000000000000000	1.000000000000000	0.000000000000000
0.368421052631578	0.156126482213438	0.497326203208556	0.561855670103092	0.173913043478260	0.606896551724138	0.592827004219409	0.490566037735849	0.429022082018927	0.226962457337884	0.170731707317073	0.575091575091575	0.052781740370899	0.000000000000000	1.000000000000000	0.000000000000000
0.199999999999999	0.274703557312253	0.759358288770053	0.922680412371134	0.239130434782608	0.396551724137931	0.400843881856540	0.849056603773584	0.425867507886435	0.146757679180887	0.398373983739837	0.428571428571428	0.134094151212553	0.000000000000000	1.000000000000000	0.000000000000000
0.352631578947368	0.175889328063241	0.502673796791443	0.716494845360824	0.195652173913043	0.427586206896551	0.445147679324894	0.509433962264150	0.470031545741324	0.071672354948805	0.333333333333333	0.553113553113553	0.045649072753210	0.000000000000000	1.000000000000000	0.000000000000000
0.265789473684210	0.703557312252964	0.545454545454545	0.587628865979381	0.108695652173913	0.386206896551724	0.297468354430379	0.547169811320754	0.296529968454258	0.112627986348122	0.252032520325203	0.476190476190476	0.215406562054208	0.000000000000000	1.000000000000000	0.000000000000000
0.486842105263158	0.444664031620553	0.556149732620320	0.484536082474226	0.369565217391304	0.110344827586206	0.185654008438818	0.207547169811320	0.132492113564668	0.351535836177474	0.211382113821138	0.054945054945055	0.179743223965763	0.000000000000000	0.000000000000000	1.000000000000000
0.468421052631579	0.310276679841897	0.556149732620320	0.690721649484536	0.304347826086956	0.058620689655172	0.158227848101265	0.264150943396226	0.132492113564668	0.377133105802047	0.146341463414634	0.032967032967033	0.201141226818830	0.000000000000000	0.000000000000000	1.000000000000000
0.439473684210526	0.555335968379446	0.534759358288770	0.561855670103092	0.391304347826086	0.248275862068965	0.181434599156118	0.075471698113208	0.135646687697160	0.317406143344709	0.243902439024390	0.007326007326007	0.229671897289586	0.000000000000000	0.000000000000000	1.000000000000000
0.413157894736842	0.339920948616600	0.449197860962566	0.407216494845360	0.260869565217391	0.220689655172413	0.067510548523207	0.943396226415094	0.167192429022082	0.496587030716723	0.203252032520325	0.113553113553113	0.297432239657631	0.000000000000000	0.000000000000000	1.000000000000000
0.321052631578947	0.786561264822134	0.631016042780748	0.536082474226804	0.206521739130434	0.137931034482758	0.027426160337553	0.754716981132075	0.123028391167192	0.219283276450512	0.219512195121951	0.000000000000000	0.315263908701854	0.000000000000000	0.000000000000000	1.000000000000000
0.394736842105263	0.942687747035573	0.684491978609625	0.742268041237113	0.282608695652173	0.279310344827586	0.054852320675105	0.943396226415094	0.217665615141955	0.317406143344709	0.276422764227642	0.153846153846153	0.169044222539229	0.000000000000000	0.000000000000000	1.000000000000000
0.647368421052631	0.563241106719367	0.443850267379679	0.458762886597938	0.195652173913043	0.220689655172413	0.029535864978903	0.849056603773584	0.148264984227129	0.377133105802047	0.268292682926829	0.201465201465201	0.215406562054208	0.000000000000000	0.000000000000000	1.000000000000000
0.476315789473684	0.438735177865612	0.668449197860962	0.690721649484536	0.336956521739130	0.462068965517241	0.054852320675105	0.754716981132075	0.126182965299684	0.310580204778157	0.333333333333333	0.322344322344322	0.222539229671897	0.000000000000000	0.000000000000000	1.000000000000000
0.499999999999999	0.409090909090909	0.716577540106952	0.536082474226804	0.282608695652173	0.193103448275862	0.033755274261603	0.754716981132075	0.107255520504731	0.283276450511945	0.235772357723577	0.380952380952380	0.229671897289586	0.000000000000000	0.000000000000000	1.000000000000000
0.613157894736842	0.359683794466403	0.529411764705882	0.484536082474226	0.206521739130434	0.144827586206896	0.033755274261603	0.452830188679245	0.072555205047319	0.368600682593856	0.178861788617886	0.439560439560439	0.358059914407988	0.000000000000000	0.000000000000000	1.000000000000000
0.655263157894736	0.480237154150197	0.727272727272727	0.664948453608247	0.293478260869565	0.196551724137931	0.037974683544304	0.698113207547169	0.044164037854890	0.261945392491467	0.333333333333333	0.289377289377289	0.172610556348074	0.000000000000000	0.000000000000000	1.000000000000000
0.681578947368420	0.832015810276679	0.529411764705882	0.484536082474226	0.239130434782608	0.351724137931034	0.097046413502110	0.641509433962264	0.192429022082019	0.266211604095563	0.349593495934959	0.285714285714285	0.194008559201141	0.000000000000000	0.000000000000000	1.000000000000000
0.560526315789473	0.559288537549407	0.422459893048128	0.536082474226804	0.347826086956521	0.179310344827586	0.044303797468354	0.566037735849056	0.280757097791798	0.232081911262798	0.097560975609756	0.150183150183150	0.393723252496433	0.000000000000000	0.000000000000000	1.000000000000000
0.750000000000000	0.849802371541502	0.465240641711229	0.484536082474226	0.108695652173913	0.000000000000000	0.000000000000000	0.509433962264150	0.085173501577287	0.308873720136518	0.081300813008130	0.021978021978022	0.097717546362340	0.000000000000000	0.000000000000000	1.000000000000000
0.484210526315789	0.764822134387351	0.598930481283422	0.561855670103092	0.173913043478260	0.248275862068965	0.065400843881857	0.641509433962264	0.141955835962145	0.543515358361774	0.048780487804878	0.216117216117216	0.247503566333808	0.000000000000000	0.000000000000000	1.000000000000000
0.602631578947368	0.494071146245059	0.545454545454545	0.561855670103092	0.239130434782608	0.327586206896551	0.088607594936709	0.603773584905660	0.264984227129337	0.609215017064846	0.056910569105691	0.128205128205128	0.265335235378031	0.000000000000000	0.000000000000000	1.000000000000000
0.539473684210526	0.624505928853755	0.534759358288770	0.561855670103092	0.467391304347826	0.148275862068965	0.221518987341772	0.396226415094339	0.230283911671924	0.692832764505119	0.073170731707317	0.021978021978022	0.194008559201141	0.000000000000000	0.000000000000000	1.000000000000000
0.650000000000000	0.470355731225296	0.673796791443850	0.690721649484536	0.576086956521739	0.144827586206896	0.259493670886075	0.169811320754716	0.264984227129337	0.624573378839590	0.089430894308943	0.010989010989011	0.158345221112696	0.000000000000000	0.000000000000000	1.000000000000000
0.463157894736841	0.381422924901185	0.598930481283422	0.587628865979381	0.456521739130434	0.172413793103448	0.215189873417721	0.207547169811320	0.268138801261829	0.812286689419795	0.000000000000000	0.073260073260073	0.144079885877318	0.000000000000000	0.000000000000000	1.000000000000000
0.547368421052631	0.229249011857707	0.743315508021390	0.768041237113402	0.500000000000000	0.420689655172413	0.198312236286919	0.245283018867924	0.362776025236593	0.496587030716723	0.105691056910569	0.021978021978022	0.104850213980028	0.000000000000000	0.000000000000000	1.000000000000000
0.578947368421052	0.505928853754940	0.491978609625668	0.407216494845360	0.304347826086956	0.282758620689655	0.103375527426160	0.905660377358490	0.460567823343848	0.788395904436860	0.065040650406504	0.087912087912088	0.283166904422254	0.000000000000000	0.000000000000000	1.000000000000000
0.407894736842105	0.108695652173913	0.395721925133689	0.484536082474226	0.358695652173913	0.172413793103448	0.050632911392405	0.754716981132075	0.312302839116719	0.539249146757679	0.081300813008130	0.102564102564102	0.258202567760342	0.000000000000000	0.000000000000000	1.000000000000000
0.739473684210526	0.667984189723320	0.545454545454545	0.458762886597938	0.206521739130434	0.282758620689655	0.103375527426160	0.660377358490565	0.362776025236593	0.659556313993173	0.073170731707317	0.135531135531135	0.144079885877318	0.000000000000000	0.000000000000000	1.000000000000000
0.373684210526315	0.452569169960474	0.684491978609625	0.845360824742268	0.293478260869565	0.317241379310344	0.050632911392405	0.943396226415094	0.230283911671924	0.530716723549488	0.154471544715447	0.168498168498168	0.429386590584878	0.000000000000000	0.000000000000000	1.000000000000000
0.871052631578947	0.185770750988142	0.716577540106952	0.742268041237113	0.304347826086956	0.627586206896551	0.204641350210970	0.754716981132075	0.722397476340694	1.000000000000000	0.073170731707317	0.252747252747252	0.272467902995720	0.000000000000000	0.000000000000000	1.000000000000000
0.644736842105263	0.183794466403162	0.684491978609625	0.613402061855670	0.206521739130434	0.558620689655172	0.160337552742616	0.735849056603773	0.593059936908517	0.893344709897610	0.073170731707317	0.186813186813186	0.243937232524964	0.000000000000000	0.000000000000000	1.000000000000000
0.699999999999999	0.498023715415019	0.631016042780748	0.484536082474226	0.402173913043478	0.293103448275862	0.046413502109705	0.698113207547169	0.123028391167192	0.392491467576791	0.390243902439024	0.201465201465201	0.286733238231098	0.000000000000000	0.000000000000000	1.000000000000000
0.478947368421052	0.500000000000000	0.652406417112299	0.587628865979381	0.391304347826086	0.231034482758620	0.054852320675105	0.886792452830188	0.173501577287066	0.366894197952218	0.317073170731707	0.307692307692307	0.208273894436519	0.000000000000000	0.000000000000000	1.000000000000000
0.507894736842105	0.535573122529644	0.529411764705882	0.407216494845360	0.391304347826086	0.141379310344827	0.075949367088608	0.509433962264150	0.167192429022082	0.341296928327645	0.162601626016260	0.175824175824175	0.283166904422254	0.000000000000000	0.000000000000000	1.000000000000000
0.723684210526315	0.399209486166007	0.502673796791443	0.587628865979381	0.217391304347826	0.127586206896551	0.071729957805907	0.528301886792452	0.195583596214511	0.708191126279863	0.178861788617886	0.150183150183150	0.240370898716119	0.000000000000000	0.000000000000000	1.000000000000000
0.710526315789473	0.715415019762845	0.481283422459892	0.613402061855670	0.195652173913043	0.103448275862069	0.027426160337553	0.735849056603773	0.233438485804416	0.455631399317406	0.243902439024390	0.175824175824175	0.172610556348074	0.000000000000000	0.000000000000000	1.000000000000000
0.636842105263157	0.584980237154150	0.663101604278074	0.639175257731958	0.445652173913043	0.248275862068965	0.122362869198312	0.566037735849056	0.331230283911671	0.802047781569965	0.300813008130081	0.106227106227106	0.297432239657631	0.000000000000000	0.000000000000000	1.000000000000000
0.471052631578947	0.519762845849802	0.502673796791443	0.458762886597938	0.195652173913043	0.172413793103448	0.067510548523207	0.509433962264150	0.176656151419558	0.766211604095563	0.195121951219512	0.175824175824175	0.290299572039942	0.000000000000000	0.000000000000000	1.000000000000000
0.671052631578947	0.363636363636363	0.711229946524064	0.716494845360824	0.380434782608695	0.196551724137931	0.105485232067510	0.490566037735849	0.356466876971608	0.629692832764505	0.211382113821138	0.194139194139194	0.336661911554921	0.000000000000000	0.000000000000000	1.000000000000000
0.623684210526315	0.762845849802371	0.802139037433155	0.742268041237113	0.456521739130434	0.344827586206896	0.130801687763713	0.264150943396226	0.220820189274448	0.616040955631399	0.154471544715447	0.238095238095238	0.251069900142653	0.000000000000000	0.000000000000000	1.000000000000000
0.307894736842105	0.452569169960474	0.513368983957219	0.432989690721649	0.282608695652173	0.093103448275862	0.031645569620253	0.509433962264150	0.100946372239747	0.360068259385665	0.146341463414634	0.205128205128205	0.165477888730385	0.000000000000000	0.000000000000000	1.000000000000000
0.457894736842105	0.326086956521739	0.491978609625668	0.458762886597938	0.173913043478260	0.141379310344827	0.035864978902954	0.660377358490565	0.072555205047319	0.735494795221842	0.073170731707317	0.131868131868131	0.136947218259629	0.000000000000000	0.000000000000000	1.000000000000000
0.823684210526315	0.349802371541502	0.598930481283422	0.484536082474226	0.228260869565217	0.241379310344827	0.075949367088608	0.584905660377358	0.261829652996845	0.718430034129692	0.113821138211382	0.161172161172161	0.272467902995720	0.000000000000000	0.000000000000000	1.000000000000000
0.623684210526315	0.626482213438735	0.598930481283422	0.639175257731958	0.347826086956521	0.282758620689655	0.086497890295359	0.566037735849056	0.315457413249211	0.513651877133105	0.178861788617886	0.106227106227106	0.336661911554921	0.000000000000000	0.000000000000000	1.000000000000000
0.589473684210526	0.699604743083004	0.481283422459892	0.484536082474226	0.543478260869565	0.210344827586207	0.073839662447257	0.566037735849056	0.296529968454258	0.761092150170648	0.089430894308943	0.106227106227106	0.397289586305278	0.000000000000000	0.000000000000000	1.000000000000000
0.563157894736842	0.365612648221343	0.540106951871657	0.484536082474226	0.543478260869565	0.231034482758620	0.071729957805907	0.754716981132075	0.331230283911671	0.684300341296928	0.097560975609756	0.128205128205128	0.400855920114122	0.000000000000000	0.000000000000000	1.000000000000000
0.815789473684210	0.664031620553359	0.737967914438502	0.716494845360824	0.282608695652173	0.368965517241379	0.088607594936709	0.811320754716981	0.296529968454258	0.675767918088737	0.105691056910569	0.120879120879120	0.201141226818830	0.000000000000000	0.000000000000000	1.000000000000000
